0.513901 0.929256
0.919848 0.870971
0.839385 0.470464
0.144968 0.899601
0.899778 0.565313
0.999885 0.040644
0.013893 0.178974
0.858319 0.999154
0.220212 0.877836
0.324001 0.618460
0.258110 0.237784
0.226872 0.176673
0.701680 0.911913
0.016815 0.132624
0.823197 0.214273
0.388343 0.344337
0.752558 0.448321
0.537010 0.858325
0.894497 0.237063
0.921990 0.599458
0.367175 0.796440
0.789099 0.678843
0.433723 0.434354
0.994719 0.581091
0.512586 0.554757
0.863429 0.192560
0.373021 0.099606
0.910803 0.488584
0.548862 0.670988
0.267699 0.710420
0.836672 0.541611
0.553520 0.031574
0.983659 0.383858
0.763278 0.038357
0.316234 0.825983
0.456968 0.830985
0.111868 0.878558
0.169595 0.189227
0.974887 0.865101
0.496360 0.040530
0.341113 0.737927
0.749899 0.418781
0.506778 0.563523
0.435060 0.208280
0.253877 0.521371
0.041652 0.230203
0.227136 0.975929
0.816656 0.647803
0.707053 0.053569
0.244847 0.241739
0.318940 0.684589
0.940344 0.838428
0.519683 0.254975
0.531531 0.061966
0.411929 0.853419
0.907907 0.624140
0.549674 0.596176
0.889809 0.567214
0.919726 0.665639
0.980574 0.230666
0.210281 0.508112
0.365620 0.225686
0.810861 0.102062
0.734021 0.370261
0.727114 0.330199
0.815555 0.362795
0.739477 0.267066
0.749832 0.953729
0.686485 0.628389
0.534005 0.512257
0.711492 0.719247
0.831659 0.179226
0.675839 0.965196
0.367921 0.247477
0.712010 0.513820
0.984394 0.017349
0.067080 0.453715
0.182464 0.137738
0.969752 0.913771
0.644619 0.362072
0.243559 0.677668
0.790825 0.723751
0.784293 0.976809
0.900621 0.367036
0.821503 0.809521
0.711501 0.657080
0.091885 0.475137
0.690248 0.736737
0.666677 0.008670
0.366307 0.397972
0.195649 0.855084
0.214892 0.992143
0.757054 0.431771
0.582402 0.116137
0.335915 0.193623
0.057883 0.980261
0.192268 0.437205
0.511612 0.689001
0.026494 0.358804
0.745561 0.147206
0.900645 0.815741
0.330333 0.941954
0.332654 0.831141
0.739330 0.344274
0.844585 0.129403
0.333292 0.525144
0.516603 0.892980
0.096950 0.186576
0.775073 0.490592
0.284456 0.071334
0.726230 0.142873
0.291369 0.233757
0.836106 0.363477
0.138349 0.529357
0.652912 0.542006
0.925366 0.512318
0.569824 0.219710
0.495090 0.817697
0.334154 0.449691
0.330287 0.149095
0.123103 0.130460
0.402402 0.192740
0.526845 0.354969
0.287159 0.135403
0.706418 0.626842
0.367894 0.976206
0.326917 0.261352
0.358454 0.491400
0.605745 0.410727
0.694890 0.536313
0.961179 0.931731
0.568803 0.350176
0.298273 0.748004
0.505084 0.667186
0.927116 0.450483
0.422917 0.731125
0.472735 0.626294
0.061306 0.761065
0.906432 0.809811
0.499014 0.022107
0.005106 0.009172
0.253681 0.417816
0.128112 0.477343
0.106032 0.439952
0.190477 0.768903
0.362458 0.386298
0.106793 0.152030
0.742894 0.988821
0.781868 0.129754
0.460792 0.982109
0.932221 0.165362
0.348129 0.685965
0.636772 0.703882
0.070766 0.376238
0.535574 0.234947
0.578111 0.074411
0.022204 0.451849
0.935920 0.399168
0.608434 0.527469
0.602205 0.292104
0.879045 0.149793
0.023588 0.754938
0.100194 0.238075
0.153106 0.217035
0.596449 0.195276
0.120305 0.789727
0.469668 0.143199
0.820644 0.457897
0.097109 0.833855
0.633578 0.209455
0.116702 0.833878
0.827337 0.209786
0.284153 0.138394
0.463298 0.390969
0.669553 0.586575
0.773981 0.244482
0.150454 0.323155
0.056074 0.181312
0.053826 0.078545
0.093548 0.554853
0.101138 0.224701
0.005768 0.329631
0.518744 0.404780
0.201682 0.422895
0.290068 0.031634
0.813519 0.946242
0.046546 0.103553
0.582071 0.930956
0.021086 0.595210
0.670532 0.633385
0.820768 0.147606
0.294970 0.185657
0.514795 0.902855
0.376913 0.182209
0.679215 0.108004
0.647166 0.774067
0.591660 0.546613
0.759830 0.980502
0.727398 0.947685
0.011666 0.221629
0.072216 0.268560
0.204293 0.525715
0.538196 0.151748
0.035378 0.471408
0.945153 0.915218
0.159816 0.687798
0.613567 0.151498
0.723078 0.654153
0.604068 0.382995
0.736252 0.616385
0.034038 0.249286
0.135940 0.668735
0.703667 0.386678
0.752089 0.436862
0.471804 0.501172
0.692910 0.342476
0.436188 0.133028
0.848476 0.129837
0.993179 0.264451
0.313200 0.190900
0.278834 0.231488
0.532260 0.238563
0.326206 0.367053
0.888204 0.046451
0.512997 0.424045
0.261330 0.298826
0.519188 0.105877
0.821079 0.075692
0.066052 0.966278
0.935535 0.135840
0.165940 0.531062
0.622318 0.954526
0.476504 0.741622
0.406459 0.422678
0.623526 0.723244
0.799559 0.220967
0.033266 0.440874
0.869345 0.144770
0.898275 0.020828
0.529931 0.075002
0.389853 0.388983
0.250430 0.864999
0.125850 0.404301
0.853211 0.145052
0.204273 0.851146
0.952996 0.933924
0.821151 0.494615
0.374080 0.990590
0.605392 0.900242
0.575398 0.039669
0.323842 0.872684
0.711744 0.360432
0.536560 0.177642
0.464359 0.741997
0.115270 0.677013
0.185227 0.476231
0.277276 0.129419
0.216814 0.885114
0.932570 0.686498
0.472588 0.860720
0.693674 0.549993
0.493584 0.033722
0.855726 0.345423
0.232364 0.480211
0.018607 0.515243
0.758153 0.326862
0.793381 0.437691
0.925513 0.220908
0.212122 0.037109
0.803849 0.394070
0.043162 0.367317
0.326138 0.968548
0.203093 0.021733
0.182680 0.228381
0.852324 0.252209
0.459273 0.810899
0.562803 0.363148
0.899140 0.160719
0.154462 0.288283
0.954016 0.132666
0.411252 0.254564
0.982241 0.330190
0.908109 0.090925
0.050285 0.622314
0.606972 0.049273
0.799062 0.294821
0.712968 0.970848
0.747481 0.460350
0.521137 0.253208
0.223097 0.677267
0.629588 0.351360
0.833339 0.208596
0.946734 0.481186
0.020680 0.990033
0.378238 0.784086
0.781251 0.169978
0.943598 0.458863
0.068774 0.034720
0.342780 0.270173
0.754336 0.238375
0.670068 0.402444
0.267393 0.519845
0.055321 0.844000
0.204541 0.508038
0.502071 0.358160
0.259957 0.791756
0.087412 0.626443
0.805062 0.162133
0.990387 0.333561
0.324839 0.823176
0.523583 0.804697
0.704349 0.409924
0.456904 0.302649
0.051408 0.853915
0.443005 0.245727
0.339993 0.492134
0.280623 0.416880
0.663830 0.328260
0.085041 0.700332
0.300770 0.024016
0.174206 0.004072
0.105918 0.023603
0.624484 0.804899
0.975122 0.195652
0.001847 0.187242
0.250318 0.514810
0.732250 0.337840
0.974353 0.599038
0.939238 0.205413
0.845289 0.368888
0.347321 0.437773
0.568832 0.701461
0.026424 0.768418
0.062396 0.714461
0.335705 0.740451
0.625475 0.234703
0.414322 0.027729
0.758350 0.080595
0.962207 0.641503
0.784789 0.019624
0.855687 0.995342
0.814325 0.649503
0.350784 0.141979
0.865761 0.995627
0.241297 0.492764
0.165997 0.317665
0.359262 0.983769
0.736872 0.474555
0.232157 0.962107
0.387599 0.209882
0.544216 0.031898
0.141520 0.888542
0.288488 0.721346
0.943278 0.540809
0.141766 0.110743
0.216129 0.551358
0.646284 0.495755
0.469029 0.968492
0.240089 0.751200
0.689225 0.202771
0.042226 0.307560
0.698490 0.834437
0.569430 0.555831
0.999770 0.355458
0.237725 0.055841
0.895875 0.934748
0.585376 0.139027
0.823017 0.714004
0.642882 0.368707
0.909330 0.716867
0.771196 0.849206
0.742189 0.185506
0.591146 0.559784
0.207995 0.046435
0.335006 0.730096
0.054242 0.251335
0.065442 0.771041
0.516053 0.938821
0.727564 0.428114
0.948015 0.719562
0.926566 0.633992
0.907034 0.899841
0.656454 0.002891
0.543023 0.127598
0.944611 0.031291
0.471682 0.770196
0.522457 0.847961
0.527200 0.314572
0.184223 0.790776
0.922637 0.218172
0.453875 0.178650
0.381854 0.932975
0.544449 0.393962
0.749237 0.275119
0.364611 0.794193
0.432128 0.919112
0.503977 0.031042
0.785703 0.558250
0.711757 0.071122
0.211236 0.191881
0.372535 0.584412
0.306002 0.075286
0.878502 0.394939
0.876768 0.099421
0.599238 0.372758
0.008660 0.755484
0.358113 0.487115
0.667337 0.383147
0.938664 0.737725
0.504814 0.101574
0.164798 0.334451
0.637851 0.678718
0.525433 0.805217
0.172776 0.607134
0.147202 0.677816
0.161688 0.823462
0.158080 0.003346
0.492396 0.833945
0.130347 0.267316
0.938073 0.489787
0.342999 0.169064
0.222504 0.293846
0.061778 0.340900
0.492905 0.914115
0.899232 0.325513
0.034712 0.529625
0.587698 0.033456
0.411346 0.740863
0.174906 0.462119
0.466854 0.039477
0.734881 0.673415
0.790445 0.251010
0.176067 0.899465
0.309354 0.939562
0.624143 0.173901
0.650061 0.494778
0.158721 0.070972
0.787794 0.509191
0.391143 0.975451
0.290396 0.097958
0.484851 0.803424
0.154967 0.013172
0.740305 0.247349
0.834393 0.761408
0.793188 0.428361
0.555693 0.445848
0.807640 0.304589
0.443294 0.723264
0.785525 0.306373
0.277694 0.091360
0.258244 0.447511
0.943638 0.703386
0.179352 0.596334
0.751782 0.044663
0.794265 0.681134
0.853974 0.099578
0.627588 0.351600
0.914666 0.087827
0.499102 0.021224
0.049577 0.455104
0.656208 0.275194
0.797652 0.566156
0.693640 0.344121
0.553448 0.467041
0.920516 0.716035
0.454509 0.158655
0.230278 0.987361
0.191872 0.054995
0.330884 0.738213
0.591790 0.687376
0.400554 0.558117
0.102822 0.259707
0.848704 0.345362
0.514893 0.360174
0.882131 0.656509
0.335493 0.991094
0.003354 0.192146
0.253132 0.091410
0.400935 0.470787
0.029235 0.895243
0.430951 0.364912
0.977108 0.795114
0.034219 0.451441
0.910181 0.859887
0.985681 0.063511
0.071661 0.795173
0.330348 0.521256
0.093838 0.927916
0.224468 0.266344
0.477673 0.747031
0.671065 0.528354
0.431934 0.638428
0.315794 0.710654
0.166026 0.715476
0.552036 0.899241
0.891795 0.064861
0.673417 0.770095
0.856970 0.303017
0.707456 0.698904
0.706532 0.069752
